function K = LQR_K(L0)
%LQR_K
%    K = LQR_K(L0)

%    This function was generated by the Symbolic Math Toolbox version 24.1.
%    2026-06-23 01:59:56

t2 = L0.^2;
t3 = L0.^3;
mt1 = [L0.*(-2.258375920715385e+1)+t2.*1.001501581455157-t3.*4.372056507312196-4.991344159857354e-1];
mt2 = [L0.*2.780735123708937e-1-t2.*6.463764332042785e-1+t3.*6.041120151172573e-1-2.865597629638219e-2];
mt3 = [L0.*(-2.904904157256459)-t2.*6.5575965462794+t3.*2.649135855179418+7.674559263846584e-2];
mt4 = [L0.*2.288094101224721e-2-t2.*4.110353654181809e-2+t3.*3.937127939371187e-2+5.28235125339456e-4];
mt5 = [L0.*(-2.016962778544724)-t2.*9.522035871017057e-1+t3.*1.493199964021685+7.178313114193467e-2];
mt6 = [L0.*(-1.618965813601179e-1)+t2.*4.13983456915074e-1-t3.*4.096758892781572e-1+3.51123862207736e-2];
mt7 = [L0.*(-3.678893521602814)-t2.*1.96414449092612+t3.*2.554277290311348+1.03578014248812e-1];
mt8 = [L0.*(-1.555637715031802e-1)+t2.*3.864704957176401e-1-t3.*3.755339668464247e-1+3.839512688674418e-2];
mt9 = [L0.*(-1.449169698704201e+1)+t2.*3.866749341267807e+1-t3.*3.913445453779394e+1+2.623950507345579];
mt10 = [L0.*3.766912352573857e-2-t2.*1.150308409812805e-1+t3.*1.24623756469924e-1+4.081292225015475];
mt11 = [L0.*(-6.578739931267832)+t2.*1.756811932148566e+1-t3.*1.778783880940595e+1+1.201261112996177];
mt12 = [L0.*1.32154695957761e-2-t2.*3.947457012356069e-2+t3.*4.225114551183767e-2+1.866484549714754];
K = reshape([mt1,mt2,mt3,mt4,mt5,mt6,mt7,mt8,mt9,mt10,mt11,mt12],2,6);
end
