samples=1993
duration_sec=9.969392
effective_sample_rate_hz=199.812
frames_ok=1993
crc_errors=0
length_errors=0
sync_losses=0
unknown_types=0

left_leg:
  phi_mean_deg=96.797683
  phi_std_deg=0.000000
  phi_rate_raw_std_deg_s=0.000000
  phi_rate_lpf_std_deg_s=0.000000
  length_mean_m=0.335743
  length_std_mm=0.000000
  length_rate_raw_std_mm_s=0.000000
  length_rate_lpf_std_mm_s=0.000000

right_leg:
  phi_mean_deg=89.159581
  phi_std_deg=0.000000
  phi_rate_raw_std_deg_s=0.000000
  phi_rate_lpf_std_deg_s=0.000000
  length_mean_m=0.335651
  length_std_mm=0.000000
  length_rate_raw_std_mm_s=0.000000
  length_rate_lpf_std_mm_s=0.000000

joint_velocity_std_rad_s:
  left_hip=0.000000
  left_knee=0.000000
  left_wheel=0.000000
  right_hip=0.000000
  right_knee=0.000000
  right_wheel=0.000000
