samples=1993
duration_sec=9.951683
effective_sample_rate_hz=200.167
frames_ok=1993
crc_errors=0
length_errors=0
sync_losses=0
unknown_types=0

left_leg:
  phi_mean_deg=83.991680
  phi_std_deg=9.183155
  phi_rate_raw_std_deg_s=17.593117
  phi_rate_lpf_std_deg_s=17.593117
  length_mean_m=0.293273
  length_std_mm=21.682366
  length_rate_raw_std_mm_s=107.933583
  length_rate_lpf_std_mm_s=51.839329

right_leg:
  phi_mean_deg=78.338008
  phi_std_deg=7.678170
  phi_rate_raw_std_deg_s=7.401290
  phi_rate_lpf_std_deg_s=7.401290
  length_mean_m=0.324334
  length_std_mm=19.589329
  length_rate_raw_std_mm_s=43.203777
  length_rate_lpf_std_mm_s=24.481760

joint_velocity_std_rad_s:
  left_hip=0.337463
  left_knee=0.398083
  left_wheel=0.692275
  right_hip=0.183883
  right_knee=0.188257
  right_wheel=0.110879
