samples=1992
duration_sec=9.948731
effective_sample_rate_hz=200.126
frames_ok=1992
crc_errors=0
length_errors=0
sync_losses=0
unknown_types=0

left_leg:
  phi_mean_deg=73.980187
  phi_std_deg=0.001815
  phi_rate_raw_std_deg_s=0.017468
  phi_rate_lpf_std_deg_s=0.017468
  length_mean_m=0.324800
  length_std_mm=0.005816
  length_rate_raw_std_mm_s=1.354284
  length_rate_lpf_std_mm_s=0.118053

right_leg:
  phi_mean_deg=75.048324
  phi_std_deg=0.002297
  phi_rate_raw_std_deg_s=0.022119
  phi_rate_lpf_std_deg_s=0.022119
  length_mean_m=0.344750
  length_std_mm=0.005907
  length_rate_raw_std_mm_s=1.275773
  length_rate_lpf_std_mm_s=0.115639

joint_velocity_std_rad_s:
  left_hip=0.006851
  left_knee=0.010045
  left_wheel=0.000000
  right_hip=0.006835
  right_knee=0.012918
  right_wheel=0.000000
