samples=2929
duration_sec=14.644550
effective_sample_rate_hz=199.938
frames_ok=2929
crc_errors=0
length_errors=0
sync_losses=0
unknown_types=0

left_leg:
  phi_mean_deg=78.155296
  phi_std_deg=4.711802
  phi_rate_raw_std_deg_s=10.099230
  phi_rate_lpf_std_deg_s=7.220569
  length_mean_m=0.283441
  length_std_mm=30.347129
  length_rate_raw_std_mm_s=54.917825
  length_rate_lpf_std_mm_s=39.494003

right_leg:
  phi_mean_deg=77.640251
  phi_std_deg=4.885830
  phi_rate_raw_std_deg_s=8.828100
  phi_rate_lpf_std_deg_s=6.045716
  length_mean_m=0.304846
  length_std_mm=33.926999
  length_rate_raw_std_mm_s=57.624164
  length_rate_lpf_std_mm_s=42.532089

body_state_std:
  body_distance_raw_std_m=0.006125
  body_distance_lpf_std_m=0.006125
  body_velocity_raw_std_m_s=0.009229
  body_velocity_lpf_std_m_s=0.008857

joint_velocity_std_rad_s:
  left_hip_raw=0.235047
  left_hip_lpf=0.233010
  left_knee_raw=0.159509
  left_knee_lpf=0.154198
  left_wheel_raw=0.618414
  left_wheel_lpf=0.613130
  right_hip_raw=0.227022
  right_hip_lpf=0.226305
  right_knee_raw=0.168818
  right_knee_lpf=0.165914
  right_wheel_raw=0.458684
  right_wheel_lpf=0.452948
