L1 = 0.18
L2 = 0.22500
l1 = 0.05000
l2 = 0.18000
l3 = 0.05000

|         |(l3)    
|-------