function K = LQR_K(L0)
%LQR_K
%    K = LQR_K(L0)

%    This function was generated by the Symbolic Math Toolbox version 24.2.
%    2026-05-14 09:26:02

t2 = L0.^2;
t3 = L0.^3;
mt1 = [L0.*(-2.099093902076438e+1)+t2.*1.203494605572917e+1-t3.*1.218320086761083e+1-5.649666477182851e-1];
mt2 = [L0.*6.294124564519359e-2-t2.*1.375805562717833e-1+t3.*1.211129950959015e-1-1.485210602437126e-2];
mt3 = [L0.*(-3.118832132995808)-t2.*2.118543410330627+t3.*2.236799970275547+8.259268115866775e-2];
mt4 = [L0.*8.284492912539685e-4-t2.*1.733964755626449e-3+t3.*1.477607626894281e-3-1.166441436130078e-4];
mt5 = [L0.*(-9.708361903065298e-1)-t2.*6.034641079763349e-1+t3.*6.056416051168247e-1+3.071134668297229e-2];
mt6 = [L0.*(-4.198524071813992e-2)+t2.*1.076192380050251e-1-t3.*1.062630300205243e-1+8.142336272615559e-3];
mt7 = [L0.*(-2.228179509799943)-t2.*1.078099890193391+t3.*1.095701566192776+5.42305467046534e-2];
mt8 = [L0.*(-4.483442710876894e-2)+t2.*1.109247690365129e-1-t3.*1.070105223487042e-1+9.215397265206336e-3];
mt9 = [L0.*(-1.453866828187572e+1)+t2.*3.880266142336006e+1-t3.*3.926742239333192e+1+2.625115289299839];
mt10 = [L0.*1.58216686312066e-2-t2.*4.866596477478237e-2+t3.*5.291325356527415e-2+4.084109576187354];
mt11 = [L0.*(-6.615678732688394)+t2.*1.766184458431303e+1-t3.*1.787647278189416e+1+1.201363351663543];
mt12 = [L0.*5.284888647223982e-3-t2.*1.611685878341068e-2+t3.*1.74275946970661e-2+1.867590067085635];
K = reshape([mt1,mt2,mt3,mt4,mt5,mt6,mt7,mt8,mt9,mt10,mt11,mt12],2,6);
end
