function K = LQR_K(L0)
%LQR_K
%    K = LQR_K(L0)

%    This function was generated by the Symbolic Math Toolbox version 24.1.
%    2026-06-23 02:11:07

t2 = L0.^2;
t3 = L0.^3;
mt1 = [L0.*(-2.349316355776316e+1)-t2.*3.670399010006818-t3.*1.398009677502502-4.548716398535465e-1];
mt2 = [L0.*2.531733709580288e-1-t2.*5.897790396142197e-1+t3.*5.578343373447275e-1-1.542603540670233e-2];
mt3 = [L0.*(-2.842491757331281)-t2.*7.795188443728169+t3.*2.744845527634023+7.491857269379829e-2];
mt4 = [L0.*2.782208014133796e-2-t2.*4.807188912889567e-2+t3.*4.634138897523876e-2+9.949627147358569e-4];
mt5 = [L0.*(-3.615652807036019)-t2.*1.484558727948732+t3.*2.628736061523324+1.3292978514407e-1];
mt6 = [L0.*(-3.58890273848088e-1)+t2.*9.375372949955214e-1-t3.*9.399878632749358e-1+7.397798544433855e-2];
mt7 = [L0.*(-4.713121816995547)-t2.*2.585948987341577+t3.*3.331086209491775+1.318122060777286e-1];
mt8 = [L0.*(-2.322920714715422e-1)+t2.*5.985299521996635e-1-t3.*5.949603502713038e-1+5.378919862781061e-2];
mt9 = [L0.*(-1.44762513160952e+1)+t2.*3.863193806045109e+1-t3.*3.910434286266879e+1+2.626937661029495];
mt10 = [L0.*3.782082377310973e-2-t2.*1.152554743138182e-1+t3.*1.247662033459982e-1+4.085426077362938];
mt11 = [L0.*(-6.562171758008764)+t2.*1.752932223097407e+1-t3.*1.775246714935127e+1+1.202833150163381];
mt12 = [L0.*1.499028357167176e-2-t2.*4.484479365423555e-2+t3.*4.808086276188632e-2+1.868113795996866];
K = reshape([mt1,mt2,mt3,mt4,mt5,mt6,mt7,mt8,mt9,mt10,mt11,mt12],2,6);
end
